0
11274
31031
34288
33760
31143
28236
26674
25408
27541
29814
19000
13988
10677
8667
7651
6700
5940
5557
5730
5313
3555
2764
2347
2029
1726
1537
1255
1073
1004
694
605
498
413
384
342
263
228
251
200
139
141
90
96
62
69
64
50
48
41
39
32
20
24
27
18
22
11
8
3
7
8
10
10
8
1
5
3
3
4
4
0
2
2
0
1
1
0
1
0
0
0
0
0
0
0
0
1
1
0
0
2
2
0
0
0
0
0
0
0
0
0
0
0
0
0
0
0
0
0
0
0
0
0
0
0
0
0
0
0
0
0
0
0
0
0
0
0
0
0
0
0
0
0
0
0
0
0
0
0
0
0
0
0
0
0
0
0
0
0
0
0
0
0
0
0
0
0
0
0
0
0
0
0
0
0
0
0
0
0
0
0
0
0
0
0
0
0
0
0
0
0
0
0
0
0
0
0
0
0
0
0
0
0
0
0
0
0
0
0
