0
11300
31355
34107
33598
30905
28390
26710
25665
27887
29743
18960
13804
10851
8905
7387
6584
5912
5576
5759
5175
3556
2828
2231
1940
1719
1512
1238
1148
946
709
558
474
431
369
329
282
223
196
189
140
135
116
96
80
62
73
64
49
46
38
30
35
26
20
22
17
11
14
7
19
6
9
9
6
9
4
5
4
6
5
2
2
3
2
1
4
4
2
0
2
0
1
1
0
0
0
0
1
0
0
0
0
0
0
1
0
0
0
0
0
0
0
0
0
0
0
0
0
0
0
0
0
0
0
0
0
0
0
0
0
0
0
0
0
0
0
0
0
0
0
0
0
0
0
0
0
0
0
0
0
0
0
0
0
0
0
0
0
0
0
0
0
0
0
0
0
0
0
0
0
0
0
0
0
0
0
0
0
0
0
0
0
0
0
0
0
0
0
0
0
0
0
0
0
0
0
0
0
0
0
0
0
0
0
0
0
0
0
0
