0
11119
31003
34343
34196
31122
28422
26497
25931
27554
29867
19052
13732
10955
8937
7400
6463
5950
5504
5634
4999
3504
2717
2207
1981
1616
1431
1266
1123
897
779
573
481
445
407
343
302
242
209
204
178
145
104
92
80
87
74
70
58
42
44
27
32
22
20
18
21
14
4
11
6
11
6
12
7
8
2
4
4
5
3
3
4
1
2
1
2
0
0
1
0
2
1
2
0
0
0
2
1
0
0
0
0
0
0
0
0
0
0
0
0
0
0
0
0
0
0
0
0
0
0
0
0
0
0
0
0
0
0
0
0
0
0
0
0
0
0
0
0
0
0
0
0
0
0
0
0
0
0
0
0
0
0
0
0
0
0
0
0
0
0
0
0
0
0
0
0
0
0
0
0
0
0
0
0
0
0
0
0
0
0
0
0
0
0
0
0
0
0
0
0
0
0
0
0
0
0
0
0
0
0
0
0
0
0
0
0
0
0
0
