0
11214
30664
34294
33806
31565
28729
26561
25495
27526
29507
18866
13735
10952
8872
7514
6661
5935
5526
5708
5134
3605
2739
2171
2038
1771
1493
1290
1157
875
776
629
516
442
338
336
300
275
234
171
183
131
107
117
76
74
67
67
57
42
32
36
18
22
23
21
19
13
16
10
5
8
8
4
7
7
5
8
2
2
3
5
3
0
0
2
3
5
1
0
0
0
0
3
0
0
2
0
0
0
0
0
0
0
0
1
1
0
0
0
0
2
0
0
0
0
0
0
0
0
0
0
0
0
2
0
0
0
0
0
0
0
0
0
0
0
0
0
0
0
0
0
0
0
0
0
0
0
0
0
0
0
0
0
0
0
0
0
0
0
0
0
0
0
0
0
0
0
0
0
0
0
0
0
0
0
0
0
0
0
0
0
0
0
0
0
0
0
0
0
0
0
0
0
0
0
0
0
0
0
0
0
0
0
0
0
0
0
0
0
