0
11216
31255
34002
33563
31536
28540
26353
25410
27631
29973
18985
13786
10686
8798
7604
6621
6003
5546
5744
5206
3541
2791
2299
1959
1711
1452
1228
1117
1011
686
570
464
459
355
356
288
240
266
221
141
137
135
82
89
73
70
59
48
39
38
26
27
25
19
13
11
12
12
18
6
12
5
6
7
10
1
7
6
4
4
2
4
1
1
1
2
5
1
2
1
1
0
1
0
0
0
0
1
0
0
0
0
1
0
0
2
0
0
0
0
0
0
0
0
0
0
0
0
0
0
0
0
0
0
0
0
0
0
0
0
0
0
0
0
0
0
0
0
0
0
0
0
0
0
0
0
0
0
0
0
0
0
0
0
0
0
0
0
0
0
0
0
0
0
0
0
0
0
0
0
0
0
0
0
0
0
0
0
0
0
0
0
0
0
0
0
0
0
0
0
0
0
0
0
0
0
0
0
0
0
0
0
0
0
0
0
0
0
0
