0
11177
31292
34255
33872
31673
28753
26745
25858
27287
29646
18945
13550
10741
8707
7403
6516
5838
5521
5647
5133
3534
2751
2350
1996
1696
1378
1276
1088
951
707
546
470
408
397
346
310
224
207
209
158
129
120
80
83
78
81
63
65
49
27
45
32
28
19
22
17
17
18
6
8
6
5
11
8
7
6
11
3
4
4
2
0
3
0
2
3
2
0
0
1
0
2
4
1
2
0
0
0
1
0
0
0
0
0
0
0
0
0
0
0
0
0
0
0
0
2
0
0
0
0
0
0
0
0
0
0
0
0
0
0
0
0
0
1
1
0
0
0
0
0
0
0
0
0
0
0
0
0
0
0
0
0
0
0
0
0
0
0
0
0
0
0
0
0
0
0
0
0
0
0
0
0
0
0
0
0
0
0
0
0
0
0
0
0
0
0
0
0
0
0
0
0
0
0
0
0
0
0
0
0
0
0
0
0
0
0
0
0
0
