0
11332
30961
34455
34037
31520
28228
26868
25492
27822
29463
18754
13631
10744
8837
7529
6581
5863
5598
5600
5159
3491
2729
2353
1965
1693
1456
1257
1123
940
710
594
530
421
347
360
300
246
229
213
150
136
100
90
71
81
83
46
61
48
48
37
42
26
22
24
11
15
11
11
6
10
10
4
5
5
3
7
5
8
7
2
1
2
4
4
3
2
1
3
0
0
0
0
0
0
0
0
0
0
0
0
0
2
0
0
0
0
2
0
0
0
0
0
0
0
0
0
0
0
0
0
0
0
0
0
0
0
0
0
0
0
0
0
0
0
0
0
0
0
0
0
0
0
0
0
0
0
0
0
0
0
0
0
0
0
0
0
0
0
0
0
0
0
0
0
0
0
0
0
0
0
0
0
0
0
0
0
0
0
0
0
0
0
0
0
0
0
0
0
0
0
0
0
0
0
0
0
0
0
0
0
0
0
0
0
0
0
0
0
