0
11322
31079
34300
33778
31328
28595
26217
25225
27514
29728
19100
13976
10785
8908
7582
6630
5911
5608
5767
5174
3564
2755
2202
2036
1703
1496
1229
1123
931
719
562
509
410
382
321
261
244
230
199
150
144
123
85
89
95
92
63
54
43
36
33
34
17
14
20
16
20
12
11
10
9
6
5
9
7
7
5
2
6
1
1
6
1
1
1
1
4
1
0
0
0
0
1
0
2
0
0
0
0
0
0
0
0
0
0
0
0
0
0
0
0
0
0
0
0
0
0
0
0
0
0
0
0
0
0
0
0
0
0
0
0
0
0
0
0
0
0
0
0
0
0
0
0
0
0
0
0
0
0
0
0
0
0
0
0
0
0
0
0
0
0
0
0
0
0
0
0
0
0
0
0
0
0
0
0
0
0
0
0
0
0
0
0
0
0
0
0
0
0
0
0
0
0
0
0
0
0
0
0
0
0
0
0
0
0
0
0
0
0
