0
11353
31222
34408
33808
31553
28524
26643
25579
27659
29538
18976
13703
10778
8779
7381
6576
5835
5600
5500
5183
3395
2769
2271
2019
1711
1456
1228
1115
907
732
559
483
437
377
337
306
245
225
202
160
143
105
113
106
89
73
70
55
55
28
29
28
32
19
15
24
18
19
12
10
5
6
7
2
2
7
8
6
4
1
1
0
0
0
1
2
1
2
0
1
2
3
0
0
0
0
0
0
0
0
0
2
0
0
0
0
0
0
0
0
0
0
1
0
1
0
0
0
0
0
0
0
0
0
0
0
0
0
0
0
0
0
0
0
0
0
0
0
0
0
0
0
0
0
0
0
0
0
0
0
0
0
0
0
0
0
0
0
0
0
0
0
0
0
0
0
0
0
0
0
0
0
0
0
0
0
0
0
0
0
0
0
0
0
0
0
0
0
0
0
0
0
0
0
0
0
0
0
0
0
0
0
0
0
0
0
0
0
0
