0
11295
31221
34350
33774
31149
28312
26632
25255
27680
29763
19129
13698
10706
8820
7578
6667
6059
5592
5539
5147
3481
2759
2267
1946
1733
1562
1314
1195
960
751
603
491
420
401
312
293
271
188
179
147
121
95
101
81
77
60
57
57
59
44
34
28
20
16
11
17
12
13
18
9
16
7
6
5
2
3
4
7
6
1
2
1
1
0
2
1
3
0
0
0
0
0
0
1
0
2
0
1
0
0
0
0
0
0
0
0
0
0
0
0
0
0
0
0
0
0
0
0
0
0
0
0
0
0
0
0
0
0
0
0
0
0
0
0
0
0
0
0
0
0
0
0
0
0
0
0
0
0
0
0
0
0
0
0
0
0
0
0
0
0
0
0
0
0
0
0
0
0
0
0
0
0
0
0
0
0
0
0
0
0
0
0
0
0
0
0
0
0
0
0
0
0
0
0
0
0
0
0
0
0
0
0
0
0
0
0
0
0
0
