0
11041
31135
34008
34169
31283
28492
26261
25867
27637
29612
18973
13708
10572
8664
7436
6612
5978
5478
5698
5446
3577
2822
2268
2022
1704
1502
1310
1119
998
757
590
524
439
359
354
293
283
194
204
164
140
88
97
90
85
72
64
56
49
55
23
28
27
18
21
13
23
18
19
15
11
4
6
3
6
1
3
2
3
1
2
2
2
3
2
8
6
2
4
1
0
0
2
0
1
1
2
1
0
0
1
0
0
0
1
3
0
0
0
0
0
0
1
1
0
0
0
0
0
0
0
0
0
0
0
0
0
0
0
0
0
0
0
0
0
0
0
0
0
0
0
0
0
0
0
0
0
0
0
0
0
0
0
0
0
0
0
0
0
0
0
0
0
0
0
0
0
0
0
0
0
0
0
0
0
0
0
0
0
0
0
0
0
0
0
0
0
0
0
0
0
0
0
0
0
0
0
0
0
0
0
0
0
0
0
0
0
0
0
