0
11444
31176
34174
33792
31045
28941
26575
25532
27658
29471
19054
13596
10801
8696
7464
6744
5920
5617
5700
5247
3437
2768
2199
1973
1689
1472
1281
1111
941
721
571
475
428
407
306
323
264
217
204
174
137
99
92
72
81
59
91
61
38
37
30
37
25
12
19
14
16
15
12
7
11
7
7
10
4
6
3
1
4
2
2
3
0
0
1
0
0
2
3
0
3
0
0
1
0
0
4
0
0
1
0
1
1
0
0
0
1
0
0
0
0
0
0
0
0
0
0
0
0
0
0
0
0
0
0
0
0
0
0
0
0
0
0
0
0
0
0
0
0
0
0
0
0
0
0
0
0
0
0
0
0
0
0
0
0
0
0
0
0
0
0
0
0
0
0
0
0
0
0
0
0
0
0
0
0
0
0
0
0
0
0
0
0
0
0
0
0
0
0
0
0
0
0
0
0
0
0
0
0
0
0
0
0
0
0
0
0
0
0
