0
11298
31218
34471
33922
31553
28439
26413
25007
27527
29699
19056
13722
10743
8932
7629
6726
5914
5537
5681
5119
3488
2763
2258
1935
1682
1467
1218
1098
937
737
609
473
428
403
362
287
257
235
189
187
125
107
94
91
83
74
57
48
49
38
41
26
21
23
16
24
17
11
6
3
4
3
4
8
5
5
3
6
4
1
2
6
3
2
1
1
1
0
2
1
0
1
0
0
2
0
0
0
0
0
0
0
0
0
0
0
0
0
0
0
0
0
0
0
0
0
0
0
0
0
0
0
0
0
0
0
0
0
0
2
0
0
0
0
0
0
0
0
0
0
0
0
0
0
0
0
0
0
0
0
0
0
0
0
0
0
0
0
0
0
0
0
0
0
0
0
0
0
0
0
0
0
0
0
0
0
0
0
0
0
0
0
0
0
0
0
0
0
0
0
0
0
0
0
0
0
0
0
0
0
0
0
0
0
0
0
0
0
0
