0
11399
30965
34425
33524
31333
28070
26139
25549
27433
29348
19009
13818
10940
9131
7612
6754
5937
5656
5874
5258
3637
2808
2288
2016
1725
1481
1365
1121
953
701
595
538
475
351
317
277
244
201
199
161
115
115
91
89
73
64
71
50
41
26
40
31
25
23
19
14
15
12
13
12
13
4
5
9
6
5
6
3
2
2
3
5
0
1
2
0
1
3
0
0
0
0
0
0
0
0
2
0
0
0
0
0
0
0
0
0
0
1
0
0
1
0
0
0
0
0
0
0
0
0
0
0
0
0
0
0
0
0
0
0
0
0
0
0
0
0
0
0
0
0
0
0
0
0
0
0
0
0
0
0
0
0
0
0
0
0
0
0
0
0
0
0
0
0
0
0
0
0
0
0
0
0
0
0
0
0
0
0
0
0
0
0
0
0
0
0
0
0
0
0
0
0
0
0
0
0
0
0
0
0
0
0
0
0
0
0
0
0
0
