0
11195
31259
34323
33696
31220
28312
26539
25578
27675
29703
18812
13641
10923
8921
7516
6515
5894
5539
5549
5256
3611
2803
2223
2052
1752
1454
1236
1114
1018
796
611
505
437
377
347
295
243
233
208
175
123
101
127
74
93
60
60
40
60
44
30
39
21
33
21
24
12
19
13
8
5
9
8
6
7
1
4
9
2
2
1
2
5
2
2
3
0
2
3
2
4
0
1
1
0
1
0
0
0
0
0
0
0
0
0
0
0
0
0
0
0
0
0
0
0
0
0
0
0
0
0
0
0
0
0
0
0
0
0
0
0
0
0
0
0
0
0
0
0
0
0
0
0
0
0
0
0
0
0
0
0
0
0
0
0
0
0
0
0
0
0
0
0
0
0
0
0
0
0
0
0
0
0
0
0
0
0
0
0
0
0
0
0
0
0
0
0
0
0
0
0
0
0
0
0
0
0
0
0
0
0
0
0
0
0
0
0
0
0
