0
11445
30960
34141
34072
31343
28409
26410
25742
27518
29780
19242
13554
10670
9008
7490
6555
5852
5546
5613
5171
3468
2778
2281
1928
1613
1506
1227
1105
987
736
597
515
457
362
344
329
260
192
184
151
166
117
116
94
95
60
73
76
45
37
33
16
23
20
8
11
10
9
10
14
11
8
6
3
5
2
3
2
3
4
1
2
4
1
1
3
1
0
0
0
0
0
0
2
1
1
2
0
0
0
0
0
0
0
0
0
0
0
0
0
0
0
0
0
0
0
0
0
0
0
0
0
0
0
0
0
0
0
0
0
0
0
0
0
0
0
0
0
0
0
0
0
0
0
0
0
0
0
0
0
0
0
0
0
0
0
0
0
0
0
0
0
0
0
0
0
0
0
0
0
0
0
0
0
0
0
0
0
0
0
0
0
0
0
0
0
0
0
0
0
0
0
0
0
0
0
0
0
0
0
0
0
0
0
0
0
0
0
0
