0
11458
31036
33904
33797
31426
28576
26288
25569
27281
29697
19206
13796
10722
8926
7491
6498
6106
5526
5760
5055
3523
2719
2361
1982
1735
1535
1282
1149
1004
766
580
515
414
377
358
335
261
240
177
180
105
130
98
85
74
61
66
59
43
35
31
31
22
14
21
18
17
18
11
13
9
8
4
4
5
4
3
5
5
6
0
2
2
2
2
5
3
1
1
0
0
0
0
0
0
2
2
2
0
0
0
0
0
0
0
0
0
0
0
0
0
0
0
0
0
0
0
0
0
0
0
0
0
0
0
0
0
0
0
0
0
0
0
0
0
0
0
0
0
0
0
0
0
0
0
0
0
0
0
0
0
0
0
0
0
0
0
0
0
0
0
0
0
0
0
0
0
0
0
0
0
0
0
0
0
0
0
0
0
0
0
0
0
0
0
0
0
0
0
0
0
0
0
0
0
0
0
0
0
0
0
0
0
0
0
0
0
0
0
