0
11264
31334
34245
33689
31406
28330
26394
25699
27863
29787
18809
13639
10844
8707
7369
6434
5869
5647
5800
5144
3572
2740
2272
2025
1755
1480
1244
1141
991
760
577
478
436
408
333
296
257
222
197
145
127
86
99
75
70
82
60
68
46
33
40
31
20
18
23
15
25
14
4
14
13
11
4
4
8
3
6
5
6
0
4
1
4
0
1
2
2
0
1
3
1
1
2
0
1
1
0
0
0
1
0
0
0
0
0
1
0
1
0
0
0
0
0
0
0
1
0
0
0
0
0
0
0
0
0
0
0
0
0
0
0
0
0
0
0
0
0
0
0
0
0
0
0
0
0
0
0
0
0
0
0
0
0
0
0
0
0
0
0
0
0
0
0
0
0
0
0
0
0
0
0
0
0
0
0
0
0
0
0
0
0
0
0
0
0
0
0
0
0
0
0
0
0
0
0
0
0
0
0
0
0
0
0
0
0
0
0
0
0
