0
11266
31422
34824
33491
31279
28311
26317
25568
27376
29599
18751
13623
10795
8824
7507
6645
6028
5663
5748
5131
3561
2793
2394
1940
1844
1519
1247
1106
914
787
625
497
425
342
351
298
212
261
200
149
135
119
69
76
85
68
44
64
43
37
27
27
33
15
14
18
8
13
11
17
12
7
8
5
3
3
9
7
4
1
1
0
1
5
0
3
1
0
5
1
0
1
1
4
0
0
0
0
0
0
1
1
0
0
0
0
0
0
0
0
0
0
0
0
0
0
0
0
0
0
0
0
0
0
0
0
0
0
0
0
0
0
0
0
0
0
0
0
0
0
0
0
0
0
0
0
0
0
0
0
0
0
0
0
0
0
0
0
0
0
0
0
0
0
0
0
0
0
0
0
0
0
0
0
0
0
0
0
0
0
0
0
0
0
0
0
0
0
0
0
0
0
0
0
0
0
0
0
0
0
0
0
0
0
0
0
0
0
0
