0
11129
31153
33876
33907
31486
28345
26413
25714
27514
29685
19022
13547
10736
8763
7659
6674
5970
5570
5751
5204
3655
2715
2298
2090
1732
1467
1295
1151
922
739
597
533
424
366
320
311
282
200
190
160
133
101
100
94
68
64
56
53
49
44
44
36
29
20
20
16
17
24
9
16
12
6
6
6
2
6
7
7
3
4
1
2
3
1
2
3
1
1
2
1
3
1
1
1
0
0
0
0
0
0
0
0
0
0
0
0
0
0
0
0
0
0
0
0
0
0
0
0
0
0
0
0
0
0
0
0
0
0
0
0
0
0
0
0
0
0
0
0
0
0
0
0
0
0
0
0
0
0
0
0
0
0
0
0
0
0
0
0
0
0
0
0
0
0
0
0
0
0
0
0
0
0
0
0
0
0
0
0
0
0
0
0
0
0
0
0
0
0
0
0
0
0
0
0
0
0
0
0
0
0
0
0
0
0
0
0
0
0
0
