0
11302
30988
34445
33857
31102
28514
26483
25809
27695
29587
18838
13839
10635
8824
7630
6416
5879
5559
5533
5214
3562
2761
2301
2085
1605
1487
1283
1113
970
735
620
538
429
420
326
286
254
225
237
152
143
129
106
75
63
75
88
55
49
33
29
35
21
18
22
20
20
15
14
7
13
8
3
6
6
7
3
8
1
4
0
4
4
0
2
1
2
5
3
0
0
0
3
0
0
0
0
0
0
0
0
0
0
0
2
0
0
0
0
0
0
0
0
0
0
0
0
0
0
0
0
0
0
0
0
0
0
0
0
0
0
0
0
0
0
0
0
0
0
0
0
0
0
0
0
0
0
0
0
0
0
0
0
0
0
0
0
0
0
0
0
0
0
0
0
0
0
0
0
0
0
0
0
0
0
0
0
0
0
0
0
0
0
0
0
0
0
0
0
0
0
0
0
0
0
0
0
0
0
0
0
0
0
0
0
0
0
0
0
