0
11317
31369
34127
34227
31508
28671
26492
25265
27204
29566
19094
13745
10672
8897
7486
6625
5870
5591
5581
5230
3496
2753
2380
1888
1647
1447
1292
1062
955
762
588
581
433
382
317
296
249
209
216
144
129
104
91
90
59
55
69
59
42
40
30
24
30
23
14
15
16
18
10
9
12
8
6
6
4
8
3
5
6
4
1
2
1
3
2
1
1
0
2
0
1
1
0
0
0
0
0
0
0
0
0
0
0
0
0
0
0
2
0
0
0
0
0
0
0
0
0
0
0
0
0
0
0
0
0
0
0
0
0
0
0
0
0
0
0
0
0
0
0
0
0
0
0
0
0
0
0
0
0
0
0
0
0
0
0
0
0
0
0
0
0
0
0
0
0
0
0
0
0
0
0
0
0
0
0
0
0
0
0
0
0
0
0
0
0
0
0
0
0
0
0
0
0
0
0
0
0
0
0
0
0
0
0
0
0
0
0
0
0
