0
9049
29355
33219
33434
31370
28566
26366
25520
27494
29992
19754
14398
11199
9149
7940
6904
6215
5720
5812
5257
3673
2914
2384
2122
1843
1574
1324
1226
1031
805
622
599
494
425
397
326
317
288
228
158
140
124
122
85
99
81
58
53
53
48
46
39
27
25
23
15
11
12
10
9
14
11
11
8
5
3
7
3
1
2
2
1
0
2
0
2
4
0
0
1
0
1
1
0
1
2
0
0
0
0
0
2
1
0
0
0
0
0
0
0
0
0
0
0
0
0
0
0
0
0
0
0
2
0
0
0
0
0
0
0
0
0
0
0
0
0
0
0
0
0
0
0
0
0
0
0
0
0
0
0
0
0
0
0
0
0
0
0
0
0
0
0
0
0
0
0
0
0
0
0
0
0
0
0
0
0
0
0
0
0
0
0
0
0
0
0
0
0
0
0
0
0
0
0
0
0
0
0
0
0
0
0
0
0
0
0
0
0
0
0
0
0
0
0
0
0
0
0
0
0
0
0
0
0
0
0
0
0
0
0
0
0
0
0
0
0
0
0
0
0
0
0
0
0
0
0
0
0
0
0
0
0
0
0
0
0
0
0
0
0
0
0
0
0
0
0
0
0
0
0
0
0
0
0
0
0
0
0
0
0
0
0
0
0
0
0
0
0
0
0
0
0
0
0
0
0
0
0
0
0
0
0
0
0
0
0
0
0
0
