0
9140
29205
33392
33187
31107
28867
26656
25826
27322
29788
19979
14233
11289
9053
7730
6920
6174
5726
5842
5446
3796
2896
2467
2054
1724
1494
1303
1197
1066
812
653
515
502
400
330
300
303
259
228
152
169
143
104
115
94
89
75
55
53
57
36
34
24
32
29
25
13
12
25
11
13
13
8
7
5
5
5
7
2
4
3
1
2
1
3
2
3
1
4
3
1
3
0
0
0
0
0
2
1
1
2
0
0
0
0
0
0
0
0
0
0
0
0
0
0
0
0
0
0
0
0
0
0
0
0
0
0
0
0
0
0
0
0
0
0
0
0
0
0
0
0
0
0
0
0
0
0
0
0
0
0
0
0
0
0
0
0
0
0
0
0
0
0
0
0
0
0
0
0
0
0
0
0
0
0
0
0
0
0
0
0
0
0
0
0
0
0
0
0
0
0
0
0
0
0
0
0
0
0
0
0
0
0
0
0
0
0
0
0
0
0
0
0
0
0
0
0
0
0
0
0
0
0
0
0
0
0
0
0
0
0
0
0
0
0
0
0
0
0
0
0
0
0
0
0
0
0
0
0
0
0
0
0
0
0
0
0
0
0
0
0
0
0
0
0
0
0
0
0
0
0
0
0
0
0
0
0
0
0
0
0
0
0
0
0
0
0
0
0
0
0
0
0
0
0
0
0
0
0
0
0
0
0
0
0
0
0
0
0
