0
9000
29515
33198
33714
30988
28435
26806
25678
27434
30180
19431
14292
11146
9206
7788
6864
6064
5684
5709
5337
3756
2984
2448
2099
1883
1592
1390
1212
1001
830
708
573
457
411
368
323
277
254
237
172
159
128
99
93
78
85
62
66
58
41
26
32
26
26
18
18
22
25
17
19
7
3
10
6
9
6
5
6
5
3
1
0
1
3
0
4
0
3
0
1
1
1
0
0
0
0
1
1
2
0
0
0
0
0
3
0
2
0
0
0
0
0
0
0
0
0
0
0
2
0
0
0
0
0
0
0
0
0
0
0
0
0
0
0
1
0
1
0
0
0
0
0
0
0
0
0
0
0
0
0
0
0
0
0
0
0
0
0
0
0
0
0
0
0
0
0
0
0
0
0
0
0
0
0
0
0
0
0
0
0
0
0
0
0
0
0
0
0
0
0
0
0
0
0
0
0
0
0
0
0
0
0
0
0
0
0
0
0
0
0
0
0
0
0
0
0
0
0
0
0
0
0
0
0
0
0
0
0
0
0
0
0
0
0
0
0
0
0
0
0
0
0
0
0
0
0
0
0
0
0
0
0
0
0
0
0
0
0
0
0
0
0
0
0
0
0
0
0
0
0
0
0
0
0
0
0
0
0
0
0
0
0
0
0
0
0
0
0
0
0
0
0
0
0
0
0
0
0
0
0
0
0
0
0
0
0
0
0
0
