0
8958
29468
33429
33213
31219
28561
26649
25544
27246
30262
19582
14528
11291
9271
7737
6813
6294
5727
5669
5485
3682
2909
2414
2086
1813
1549
1411
1249
1050
823
689
521
464
412
334
328
276
216
190
134
139
112
110
72
80
92
70
52
47
46
40
32
24
24
22
23
19
24
17
8
11
7
9
4
8
5
4
1
6
1
4
4
4
2
1
1
3
0
0
0
0
0
0
0
0
0
0
0
2
0
0
0
0
0
0
1
0
1
1
0
0
1
0
0
0
0
0
0
0
0
0
0
0
0
0
0
0
0
0
0
0
0
0
0
0
0
0
0
0
0
0
0
0
0
0
0
0
0
0
0
0
0
0
0
0
0
0
0
0
0
0
0
0
0
0
0
0
0
0
0
0
0
0
0
0
0
0
0
0
0
0
0
0
0
0
0
0
0
0
0
0
0
0
0
0
0
0
0
0
0
0
0
0
0
0
0
0
0
0
0
0
0
0
0
0
0
0
0
0
0
0
0
0
0
0
0
0
0
0
0
0
0
0
0
0
0
0
0
0
0
0
0
0
0
0
0
0
0
0
0
0
0
0
0
0
0
0
0
0
0
0
0
0
0
0
0
0
0
0
0
0
0
0
0
0
0
0
0
0
0
0
0
0
0
0
0
0
0
0
0
0
0
0
0
0
0
0
0
0
0
0
0
0
0
0
0
0
0
0
