0
9196
29386
33129
33181
31139
28309
26485
25717
27504
30129
19579
14350
11110
9187
7695
6713
6250
5881
5799
5487
3558
2981
2463
2184
1929
1700
1445
1150
1049
836
659
590
473
390
400
325
312
270
249
174
164
134
118
94
89
68
72
74
50
49
47
42
35
22
24
22
20
19
19
13
8
10
14
9
4
10
8
3
4
4
3
1
1
1
0
2
1
0
0
1
0
0
1
2
1
1
0
0
1
0
0
0
0
0
0
0
0
0
0
0
0
0
0
0
0
0
0
0
0
0
0
0
0
0
0
0
0
0
0
0
0
0
0
0
0
0
0
0
0
0
0
0
0
0
1
1
0
0
0
0
0
0
0
0
0
0
0
0
0
0
0
0
0
0
0
0
0
0
0
0
0
0
0
0
0
0
0
0
0
0
0
0
0
0
0
0
0
0
0
0
0
0
0
0
0
0
0
0
0
0
0
0
0
0
0
0
0
0
0
0
0
0
0
0
0
0
0
0
0
0
0
0
0
0
0
0
0
0
0
0
0
0
0
0
0
0
0
0
0
0
0
0
0
0
0
0
0
0
0
0
0
0
0
0
0
0
0
0
0
0
0
0
0
0
0
0
0
0
0
0
0
0
0
0
0
0
0
0
0
0
0
0
0
0
0
0
0
0
0
0
0
0
0
0
0
0
0
0
0
0
0
0
0
0
0
0
0
0
0
