0
9068
29477
33229
33052
31155
28610
27114
25923
27100
30159
19492
14204
11199
9176
7780
6819
6167
5598
5809
5559
3694
2978
2426
2116
1804
1574
1414
1140
1007
850
672
568
471
367
396
333
301
252
232
183
179
108
106
98
80
74
63
53
58
42
39
26
24
23
23
14
25
18
10
5
11
4
10
9
3
8
5
5
9
5
1
4
5
2
2
3
2
0
1
0
3
0
1
0
1
0
0
0
0
0
0
0
0
0
0
0
0
0
0
0
0
0
0
0
0
0
0
0
0
0
0
0
0
0
0
0
0
0
0
0
0
0
0
0
0
0
0
0
0
0
0
0
0
0
0
0
0
0
0
0
0
0
0
0
0
0
0
0
0
0
0
0
0
0
0
0
0
0
0
0
0
0
0
0
0
0
0
0
0
0
0
0
0
0
0
0
0
0
0
0
0
0
0
0
0
0
0
0
0
0
0
0
0
0
0
0
0
0
0
0
0
0
0
0
0
0
0
0
0
0
0
0
0
0
0
0
0
0
0
0
0
0
0
0
0
0
0
0
0
0
0
0
0
0
0
0
0
0
0
0
0
0
0
0
0
0
0
0
0
0
0
0
0
0
0
0
0
0
0
0
0
0
0
0
0
0
0
0
0
0
0
0
0
0
0
0
0
0
0
0
0
0
0
0
0
0
0
0
0
0
0
0
0
0
0
0
0
0
0
