0
8950
29378
33015
33246
30968
28280
26729
25759
27349
30683
19416
14229
11294
9081
7771
7002
6131
5783
5934
5328
3694
3012
2484
2143
1837
1584
1396
1203
1000
853
678
539
504
441
394
317
315
288
231
185
134
136
124
105
83
74
72
55
52
60
40
29
28
27
21
16
18
16
16
13
5
9
3
7
4
7
11
10
1
4
1
1
0
2
0
2
2
2
4
1
0
0
2
2
1
0
0
1
0
2
1
0
0
0
1
0
1
0
0
0
0
0
0
0
0
0
0
0
0
0
0
0
0
0
0
0
0
0
0
0
0
0
0
0
0
0
0
0
0
0
0
0
0
0
0
0
0
0
0
0
0
0
0
0
0
0
0
0
0
0
0
0
0
0
0
0
0
0
0
0
0
0
0
0
0
0
0
0
0
0
0
0
0
0
0
0
0
0
0
0
0
0
0
0
0
0
0
0
0
0
0
0
0
0
0
0
0
0
0
0
0
0
0
0
0
0
0
0
0
0
0
0
0
0
0
0
0
0
0
0
0
0
0
0
0
0
0
0
0
0
0
0
0
0
0
0
0
0
0
0
0
0
0
0
0
0
0
0
0
0
0
0
0
0
0
0
0
0
0
0
0
0
0
0
0
0
0
0
0
0
0
0
0
0
0
0
0
0
0
0
0
0
0
0
0
0
0
0
0
0
0
0
0
0
0
0
0
0
0
