0
8957
29246
33082
33228
30910
28569
26576
25686
27441
30114
19751
14462
11207
9216
7928
6870
6177
5765
5662
5455
3793
2919
2431
2205
1832
1601
1319
1218
1088
835
615
545
497
488
391
348
289
264
224
214
144
126
98
120
98
79
81
62
52
47
37
36
27
24
24
7
19
20
8
21
8
5
13
7
3
5
2
5
3
4
1
4
4
0
1
2
0
0
1
0
0
1
2
1
0
2
0
0
1
0
0
0
1
0
0
0
2
1
0
0
0
0
0
1
0
0
1
0
0
0
1
0
0
0
0
0
0
0
0
0
0
0
0
0
0
0
0
0
0
0
0
0
0
0
0
0
0
0
0
0
0
0
0
0
0
0
0
0
0
0
0
0
0
0
0
0
0
0
0
0
0
0
0
0
0
0
0
0
0
0
0
0
0
0
0
0
0
0
0
0
0
0
0
0
0
0
0
0
0
0
0
0
0
0
0
0
0
0
0
0
0
0
0
0
0
0
0
0
0
0
0
0
0
0
0
0
0
0
0
0
0
0
0
0
0
0
0
0
0
0
0
0
0
0
0
0
0
0
0
0
0
0
0
0
0
0
0
0
0
0
0
0
0
0
0
0
0
0
0
0
0
0
0
0
0
0
0
0
0
0
0
0
0
0
0
0
0
0
0
0
0
0
0
0
0
0
0
0
0
0
0
0
0
0
0
0
0
0
0
