0
8977
29189
33429
33369
30853
28202
26552
25919
27149
29981
19705
14283
11396
9293
7828
6799
6268
5819
5782
5546
3797
3025
2479
2132
1818
1562
1370
1251
1075
769
670
587
504
428
350
347
296
245
219
192
136
114
109
96
94
70
67
53
49
44
30
38
46
31
18
18
20
14
14
14
13
11
10
10
10
4
2
2
6
2
2
2
0
0
1
1
0
4
3
2
5
0
2
0
1
1
0
1
0
1
3
1
0
0
0
0
0
0
0
0
0
0
0
0
0
0
0
0
0
0
0
0
0
0
0
0
0
0
0
0
0
0
0
0
0
0
0
0
0
0
0
0
0
0
0
0
0
0
0
0
0
0
0
0
0
0
0
0
0
0
0
0
0
0
0
0
0
0
0
0
0
0
0
0
0
0
0
0
0
0
0
0
0
0
0
0
0
0
0
0
0
0
0
0
0
0
0
0
0
0
0
0
0
0
0
0
0
0
0
0
0
0
0
0
0
0
0
0
0
0
0
0
0
0
0
0
0
0
0
0
0
0
0
0
0
0
0
0
0
0
0
0
0
0
0
0
0
0
0
0
0
0
0
0
0
0
0
0
0
0
0
0
0
0
0
0
0
0
0
0
0
0
0
0
0
0
0
0
0
0
0
0
0
0
0
0
0
0
0
0
0
0
0
0
0
0
0
0
0
0
0
0
0
0
0
0
0
0
0
