0
8890
29439
33423
33544
31289
28903
26206
25861
27571
29840
19354
14112
11483
9044
7798
6646
6125
5775
5742
5547
3727
2943
2419
2074
1828
1622
1421
1193
1110
856
653
542
469
417
360
359
254
242
201
178
147
104
118
90
79
76
66
63
56
38
35
35
34
28
30
26
24
20
19
12
9
9
3
6
4
3
5
3
3
1
2
1
0
2
6
2
0
1
1
2
2
0
0
0
0
0
1
0
0
0
0
0
0
0
1
0
0
1
1
0
0
0
1
0
0
0
0
0
0
0
0
0
0
0
0
0
0
0
0
0
0
0
0
0
0
0
0
0
0
0
0
0
0
0
0
0
0
0
0
0
0
0
0
0
0
0
0
0
0
0
0
0
0
0
0
0
0
0
0
0
0
0
0
0
0
0
0
0
0
0
0
0
0
0
0
0
0
0
0
0
0
0
0
0
0
0
0
0
0
0
0
0
0
0
0
0
0
0
0
0
0
0
0
0
0
0
0
0
0
0
0
0
0
0
0
0
0
0
0
0
0
0
0
0
0
0
0
0
0
0
0
0
0
0
0
0
0
0
0
0
0
0
0
0
0
0
0
0
0
0
0
0
0
0
0
0
0
0
0
0
0
0
0
0
0
0
0
0
0
0
0
0
0
0
0
0
0
0
0
0
0
0
0
0
0
0
0
0
0
0
0
0
0
0
0
0
0
0
0
