0
9177
29170
33493
33229
30878
28376
26665
25566
27607
29912
19751
14307
11202
9127
7865
6836
6204
5808
5868
5575
3721
2828
2514
2143
1856
1539
1353
1239
1048
805
681
571
447
392
393
320
300
235
228
183
131
134
109
99
76
95
74
83
60
34
46
41
30
26
22
16
19
6
10
17
6
8
15
8
8
7
10
5
2
2
0
4
0
4
0
2
1
0
0
3
0
0
0
0
1
1
0
1
0
0
0
0
0
0
1
0
0
1
0
0
0
0
0
0
0
0
0
0
0
0
0
0
0
0
0
0
0
0
0
0
0
0
0
0
0
0
0
0
0
0
0
0
0
0
0
0
0
0
0
0
0
0
0
0
0
0
0
0
0
0
0
0
0
0
0
0
0
0
0
0
0
0
0
0
0
0
0
0
0
0
0
0
0
0
0
0
0
0
0
0
0
0
0
0
0
0
0
0
0
0
0
0
0
0
0
0
0
0
0
0
0
0
0
0
0
0
0
0
0
0
0
0
0
0
0
0
0
0
0
0
0
0
0
0
0
0
0
0
0
0
0
0
0
0
0
0
0
0
0
0
0
0
0
0
0
0
0
0
0
0
0
0
0
0
0
0
0
0
0
0
0
0
0
0
0
0
0
0
0
0
0
0
0
0
0
0
0
0
0
0
0
0
0
0
0
0
0
0
0
0
0
0
0
0
0
0
0
0
0
