0
9009
29588
33138
32875
31082
28428
26791
25376
27594
30298
19660
14473
11248
9390
7640
6824
6322
5797
5778
5429
3791
2936
2433
2056
1791
1560
1309
1160
1001
801
655
581
483
458
388
318
284
248
193
179
162
140
114
114
103
100
66
66
52
44
33
31
16
20
23
21
26
20
14
14
13
8
8
5
3
4
9
1
6
2
1
2
5
2
2
1
0
1
2
0
0
0
2
0
1
1
0
0
0
1
0
0
1
0
0
1
0
0
0
2
2
0
0
0
0
0
0
0
0
0
0
0
0
0
0
0
0
0
0
0
0
0
0
0
0
0
0
0
0
0
0
0
0
0
0
0
0
0
0
0
0
0
0
0
0
0
0
0
0
0
0
0
0
0
0
0
0
0
0
0
0
0
0
0
0
0
0
0
0
0
0
0
0
0
0
0
0
0
0
0
0
0
0
0
0
0
0
0
0
0
0
0
0
0
0
0
0
0
0
0
0
0
0
0
0
0
0
0
0
0
0
0
0
0
0
0
0
0
0
0
0
0
0
0
0
0
0
0
0
0
0
0
0
0
0
0
0
0
0
0
0
0
0
0
0
0
0
0
0
0
0
0
0
0
0
0
0
0
0
0
0
0
0
0
0
0
0
0
0
0
0
0
0
0
0
0
0
0
0
0
0
0
0
0
0
0
0
0
0
0
0
0
0
0
0
0
0
0
0
