0
9022
29576
33243
33499
31157
28300
26745
25680
27211
29717
19794
14539
11170
9287
7827
6766
6072
5632
5812
5374
3871
2955
2483
2087
1776
1503
1399
1287
1022
789
635
572
514
424
391
311
308
283
204
171
138
123
132
96
81
82
73
62
44
45
45
38
38
27
19
20
18
18
13
11
10
8
6
7
4
9
2
3
3
2
4
7
2
6
2
5
4
2
2
1
0
2
1
1
2
0
0
0
0
0
1
0
0
0
0
0
0
0
0
0
0
0
0
0
0
0
0
0
2
0
0
0
0
0
1
0
0
0
0
0
0
0
0
0
0
0
0
0
0
0
0
0
0
0
0
0
0
0
0
0
0
0
0
0
0
0
0
0
0
0
0
0
0
0
0
0
0
0
0
0
0
0
0
0
0
0
0
0
0
0
0
0
0
0
0
0
0
0
0
0
0
0
0
0
0
0
0
0
0
0
0
0
0
0
0
0
0
0
0
0
0
0
0
0
0
0
0
0
0
0
0
0
0
0
0
0
0
0
0
0
0
0
0
0
0
0
0
0
0
0
0
0
0
0
0
0
0
0
0
0
0
0
0
0
0
0
0
0
0
0
0
0
0
0
0
0
0
0
0
0
0
0
0
0
0
0
0
0
0
0
0
0
0
0
0
0
0
0
0
0
0
0
0
0
0
0
0
0
0
0
0
0
0
0
0
0
0
0
0
