0
9115
29615
33112
33345
30993
28864
26695
25658
27439
29718
19573
14040
11312
9154
7904
6922
6127
5825
5877
5436
3780
2903
2465
2047
1774
1568
1372
1227
1037
766
661
607
486
427
396
339
255
269
203
160
125
159
88
86
98
90
57
62
57
59
28
32
21
19
24
25
14
13
14
11
10
10
9
3
10
5
6
5
1
2
4
2
4
2
3
1
0
0
1
0
0
0
0
0
0
1
1
0
0
0
0
0
0
0
0
0
2
0
0
0
0
0
0
0
0
0
0
0
0
0
0
0
0
0
0
0
0
0
0
0
0
0
0
0
0
0
0
0
0
0
0
0
0
0
0
0
0
0
0
0
0
0
0
0
0
0
0
0
0
0
0
0
0
0
0
0
0
0
0
0
0
0
0
0
0
0
0
0
0
0
0
0
0
0
0
0
0
0
0
0
0
0
0
0
0
0
0
0
0
0
0
0
0
0
0
0
0
0
0
0
0
0
0
0
0
0
0
0
0
0
0
0
0
0
0
0
0
0
0
0
0
0
0
0
0
0
0
0
0
0
0
0
0
0
0
0
0
0
0
0
0
0
0
0
0
0
0
0
0
0
0
0
0
0
0
0
0
0
0
0
0
0
0
0
0
0
0
0
0
0
0
0
0
0
0
0
0
0
0
0
0
0
0
0
0
0
0
0
0
0
0
0
0
0
0
0
0
0
0
