0
8994
29427
33001
33010
31220
28765
26863
25565
27586
29765
19433
14266
11484
9229
7806
6862
6137
5795
5669
5459
3727
2857
2470
2072
1860
1552
1371
1278
1092
841
710
575
493
439
368
349
299
267
237
203
126
134
133
96
99
86
75
63
52
46
34
38
28
29
23
20
13
10
11
5
9
13
6
4
7
6
11
6
4
3
5
1
4
5
0
0
8
4
2
0
0
0
0
3
0
1
1
0
2
0
1
2
1
0
0
0
0
0
0
0
0
0
2
0
0
2
0
0
0
0
0
0
0
0
0
0
0
0
0
0
0
0
0
0
0
0
0
0
0
0
0
0
0
0
0
0
0
0
0
0
0
0
0
0
0
0
0
0
0
0
0
0
0
0
0
0
0
0
0
0
0
0
0
0
0
0
0
0
0
0
0
0
0
0
0
0
0
0
0
0
0
0
0
0
0
0
0
0
0
0
0
0
0
0
0
0
0
0
0
0
0
0
0
0
0
0
0
0
0
0
0
0
0
0
0
0
0
0
0
0
0
0
0
0
0
0
0
0
0
0
0
0
0
0
0
0
0
0
0
0
0
0
0
0
0
0
0
0
0
0
0
0
0
0
0
0
0
0
0
0
0
0
0
0
0
0
0
0
0
0
0
0
0
0
0
0
0
0
0
0
0
0
0
0
0
0
0
0
0
0
0
0
0
0
0
0
0
0
0
