0
8984
29559
33644
33638
31161
28719
26630
25671
27116
30185
19530
14307
11050
9195
7845
6755
6259
5630
5659
5331
3728
3020
2413
2048
1787
1566
1365
1217
1004
787
674
525
433
434
343
310
286
240
233
169
147
144
102
103
76
89
61
58
53
37
35
39
32
25
15
23
12
8
9
13
10
13
9
5
7
5
6
3
5
3
5
2
2
2
3
7
2
2
2
3
0
0
0
0
1
0
0
0
0
0
0
0
0
0
0
0
0
2
0
0
0
0
0
0
0
0
0
0
0
0
0
0
0
0
0
0
0
0
0
0
0
0
0
0
0
0
0
0
0
0
0
0
0
0
0
0
0
0
0
0
0
0
0
0
0
0
0
0
0
0
0
0
0
0
0
0
0
0
0
0
0
0
0
0
0
0
0
0
0
0
0
0
0
0
0
0
0
0
0
0
0
0
0
0
0
0
0
0
0
0
0
0
0
0
0
0
0
0
0
0
0
0
0
0
0
0
0
0
0
0
0
0
0
0
0
0
0
0
0
0
0
0
0
0
0
0
0
0
0
0
0
0
0
0
0
0
0
0
0
0
0
0
0
0
0
0
0
0
0
0
0
0
0
0
0
0
0
0
0
0
0
0
0
0
0
0
0
0
0
0
0
0
0
0
0
0
0
0
0
0
0
0
0
0
0
0
0
0
0
0
0
0
0
0
0
0
0
0
0
