0
8990
29576
33258
33383
30701
28648
26791
25770
27347
29917
19456
14307
11213
9184
7918
7022
6143
5845
5846
5470
3759
2915
2416
2091
1788
1540
1366
1196
1017
823
694
565
476
430
379
283
284
229
212
191
150
121
127
99
80
72
76
50
46
35
47
31
29
22
21
14
28
23
15
15
6
10
9
6
5
6
10
9
4
1
4
2
4
0
1
0
1
1
0
2
0
2
3
2
0
0
0
2
0
0
0
0
0
0
0
0
0
0
0
0
0
0
0
0
0
0
0
0
0
0
0
0
0
0
0
0
0
0
0
0
0
0
0
0
0
0
0
0
0
0
0
0
0
0
0
0
0
0
0
0
0
0
0
0
0
0
0
0
0
0
0
0
0
0
0
0
0
0
0
0
0
0
0
0
0
0
0
0
0
0
0
0
0
0
0
0
0
0
0
0
0
0
0
0
0
0
0
0
0
0
0
0
0
0
0
0
0
0
0
0
0
0
0
0
0
0
0
0
0
0
0
0
0
0
0
0
0
0
0
0
0
0
0
0
0
0
0
0
0
0
0
0
0
0
0
0
0
0
0
0
0
0
0
0
0
0
0
0
0
0
0
0
0
0
0
0
0
0
0
0
0
0
0
0
0
0
0
0
0
0
0
0
0
0
0
0
0
0
0
0
0
0
0
0
0
0
0
0
0
0
0
0
0
0
0
0
0
0
0
