0
9051
29562
33340
33554
31198
28516
26437
25672
27682
29857
19154
14275
11112
9172
7867
6850
6177
5847
5933
5602
3720
2961
2323
2087
1900
1608
1411
1196
1046
719
668
552
462
424
370
325
254
249
205
174
140
118
93
99
79
75
63
43
59
41
41
43
22
32
19
16
16
18
5
12
5
3
12
10
6
9
7
5
4
2
2
1
2
1
3
1
0
0
1
1
0
0
1
2
0
1
0
0
0
0
1
1
0
0
0
0
1
0
0
0
0
0
0
0
1
0
0
1
0
0
0
0
0
0
0
0
0
0
0
0
0
0
0
0
0
0
0
0
0
0
0
0
0
0
0
0
0
0
0
0
0
0
0
0
0
0
0
0
0
0
0
0
0
0
0
0
0
0
0
0
0
0
0
0
0
0
0
0
0
0
0
0
0
0
0
0
0
0
0
0
0
0
0
0
0
0
0
0
0
0
0
0
0
0
0
0
0
0
0
0
0
0
0
0
0
0
0
0
0
0
0
0
0
0
0
0
0
0
0
0
0
0
0
0
0
0
0
0
0
0
0
0
0
0
0
0
0
0
0
0
0
0
0
0
0
0
0
0
0
0
0
0
0
0
0
0
0
0
0
0
0
0
0
0
0
0
0
0
0
0
0
0
0
0
0
0
0
0
0
0
0
0
0
0
0
0
0
0
0
0
0
0
0
0
0
0
0
0
0
