0
9018
29104
33115
33436
31041
28491
26987
25683
27650
30434
19593
14217
11041
9062
8014
6967
6271
5715
5737
5510
3604
2903
2404
2050
1785
1487
1333
1171
1076
818
695
540
461
433
365
317
267
254
198
186
141
129
114
113
85
71
80
58
57
41
36
24
29
29
15
28
15
18
17
8
10
8
8
8
5
5
8
4
4
7
2
2
3
1
2
2
2
0
0
1
0
0
1
1
1
0
0
0
2
0
0
0
0
0
0
0
0
0
0
0
0
0
0
0
0
0
0
2
0
0
0
0
0
0
0
0
0
0
0
0
0
0
0
0
0
0
0
0
0
0
0
0
0
0
0
0
0
0
0
0
0
0
0
0
0
0
0
0
0
0
0
0
0
0
0
0
0
0
0
0
0
0
0
0
0
0
0
0
0
0
0
0
0
0
0
0
0
0
0
0
0
0
0
0
0
0
0
0
0
0
0
0
0
0
0
0
0
0
0
0
0
0
0
0
0
0
0
0
0
0
0
0
0
0
0
0
0
0
0
0
0
0
0
0
0
0
0
0
0
0
0
0
0
0
0
0
0
0
0
0
0
0
0
0
0
0
0
0
0
0
0
0
0
0
0
0
0
0
0
0
0
0
0
0
0
0
0
0
0
0
0
0
0
0
0
0
0
0
0
0
0
0
0
0
0
0
0
0
0
0
0
0
0
0
0
0
0
0
0
