0
0
0
0
0
0
0
0
0
0
0
0
0
0
0
0
0
0
0
0
0
0
0
0
0
0
0
0
0
0
0
0
0
0
0
4
2
0
6
2
8
2
8
10
14
12
6
14
6
12
10
8
20
18
16
10
10
20
14
10
22
14
18
14
16
6
8
20
8
6
8
14
6
18
4
16
6
14
8
4
14
12
18
18
12
14
8
6
12
12
10
6
4
10
14
4
14
6
10
12
10
14
14
6
4
8
12
8
10
8
6
6
10
12
6
8
14
6
8
8
16
14
6
12
8
4
8
6
12
12
10
4
14
6
18
16
8
6
12
8
4
6
14
6
6
10
4
10
12
0
4
8
4
14
8
14
8
0
6
6
4
4
8
10
6
10
4
6
8
8
0
6
12
4
6
8
8
10
8
8
10
6
12
8
14
6
10
14
10
10
4
4
4
6
20
10
16
4
2
6
8
6
12
4
10
14
0
6
10
2
0
12
6
12
4
12
8
6
4
6
8
10
10
12
0
6
6
2
6
8
10
10
4
8
4
14
4
6
12
10
6
2
8
6
10
2
8
14
12
12
4
6
12
2
2
6
10
6
14
6
10
6
12
4
10
6
12
4
16
8
4
6
4
10
2
8
8
10
10
6
8
18
12
4
8
4
8
0
8
12
0
10
6
6
6
10
8
10
12
8
10
6
6
12
8
8
10
8
8
6
12
6
6
10
14
8
6
12
10
8
0
6
14
4
12
8
6
10
12
16
6
8
16
6
12
12
14
8
8
10
2
8
20
4
6
12
16
4
14
8
14
14
8
18
8
12
14
10
22
6
12
8
12
12
12
14
12
2
14
6
22
14
8
10
18
6
12
6
26
14
10
14
16
12
6
10
12
10
12
6
14
12
0
12
12
14
24
12
8
8
22
12
18
8
20
24
18
10
28
16
16
12
18
6
22
14
6
24
18
18
22
16
20
12
12
12
20
16
22
22
16
12
14
14
20
14
16
22
30
14
16
22
12
24
18
18
22
12
30
28
16
30
10
16
22
28
20
28
14
22
14
22
16
24
22
18
20
38
20
20
28
24
34
34
24
28
16
38
54
32
30
36
46
38
34
46
60
48
42
30
26
38
34
46
70
44
70
64
46
54
70
80
56
84
84
68
66
62
94
58
86
70
98
66
86
70
80
74
118
84
102
104
78
102
84
94
130
124
98
120
146
128
122
116
138
148
138
146
158
132
130
148
124
128
172
164
144
142
142
120
176
138
162
148
164
122
178
166
174
174
182
142
146
148
144
182
210
136
140
162
126
126
140
156
144
156
114
132
144
158
122
128
124
124
162
148
114
106
122
114
116
68
90
132
120
98
80
78
104
102
80
92
70
76
64
72
76
48
84
72
62
54
48
54
40
32
76
48
42
44
34
34
26
30
40
28
28
14
26
20
20
16
24
30
20
24
14
18
12
26
10
12
18
10
14
4
8
4
10
10
4
0
14
6
8
0
6
6
0
0
6
6
4
10
2
2
2
0
2
2
4
0
0
2
2
4
2
0
2
0
0
0
2
2
2
2
0
4
0
0
0
0
0
0
0
2
0
2
0
2
0
0
0
0
2
0
0
0
0
0
0
0
0
0
0
0
0
0
0
0
0
4
2
0
0
0
0
0
0
2
0
0
0
0
0
0
0
0
0
0
0
0
0
0
0
0
0
0
0
0
0
0
0
0
2
0
0
0
0
0
0
0
0
0
2
0
0
0
0
0
0
0
0
0
0
0
0
0
0
0
0
0
0
0
0
0
0
0
0
0
0
0
0
0
0
0
0
0
0
0
0
0
0
0
0
0
0
0
0
0
0
0
0
0
0
0
0
0
0
0
0
0
0
0
0
0
0
0
0
0
0
0
0
0
0
0
0
0
0
0
0
0
0
0
0
0
0
0
0
0
0
0
0
0
0
0
0
0
0
0
0
0
0
0
0
0
0
0
0
0
0
0
0
0
0
0
0
0
0
0
0
0
0
0
0
0
0
0
0
0
0
0
0
0
0
0
0
0
0
0
0
0
0
0
0
0
0
0
0
0
0
0
0
0
0
0
0
0
0
0
0
0
0
0
0
0
0
0
0
0
0
0
0
0
0
0
0
0
0
0
0
0
0
0
0
0
0
0
0
0
0
0
0
0
0
0
0
0
0
0
0
0
0
0
0
0
0
0
0
0
0
0
0
0
0
0
0
0
0
0
0
0
0
0
0
0
0
0
0
0
0
0
0
0
0
0
0
0
0
0
0
0
0
0
0
0
0
0
0
0
0
0
0
0
0
0
0
0
0
0
0
0
0
0
0
0
0
0
0
0
0
0
0
0
0
0
0
0
0
0
0
0
0
0
0
0
0
0
0
0
0
0
0
0
0
0
0
0
0
0
0
0
0
0
0
0
0
0
0
0
0
0
0
0
0
0
0
0
0
0
0
0
0
0
0
0
0
0
0
0
0
0
0
0
0
0
0
0
0
0
0
0
0
0
0
0
0
0
0
0
0
0
0
0
0
0
0
0
0
0
0
0
0
0
0
0
0
0
0
0
0
0
0
0
0
0
0
0
0
0
0
0
0
0
0
0
0
0
0
0
0
0
0
0
0
0
0
0
0
0
0
0
0
0
0
0
0
0
0
0
0
0
0
0
0
0
0
0
0
0
0
0
0
0
0
0
0
0
0
0
0
0
0
0
0
0
0
0
0
0
0
0
0
0
0
0
0
0
0
0
0
0
0
0
0
0
0
0
0
0
0
0
0
0
0
0
0
0
0
0
0
0
0
0
0
0
0
0
0
0
0
0
0
0
0
0
0
0
0
0
0
0
0
0
0
0
0
0
0
0
0
0
0
0
0
0
0
0
0
0
0
0
0
0
0
0
0
0
0
0
0
0
0
0
0
0
0
0
0
0
0
0
0
0
0
0
0
0
0
0
0
0
0
0
0
0
0
0
0
0
0
0
0
0
0
0
0
0
0
0
0
0
0
0
0
0
0
0
0
0
0
0
0
0
0
0
0
0
0
0
0
0
0
0
0
0
0
0
0
0
0
0
0
0
0
0
0
0
0
0
0
0
0
0
0
0
0
0
0
0
0
0
0
0
0
0
0
0
0
0
0
0
0
0
0
0
0
0
0
0
0
0
0
0
0
0
0
0
0
0
0
0
0
0
0
0
0
0
0
0
0
0
0
0
0
0
0
0
0
0
0
0
0
0
0
0
0
0
0
0
0
0
0
0
0
0
0
0
0
0
0
0
0
0
0
0
0
0
0
0
0
0
0
0
0
0
0
0
0
0
0
0
0
0
0
0
0
0
0
0
0
0
0
0
0
0
0
0
0
0
0
0
0
0
0
0
0
0
0
0
0
0
0
0
0
0
0
0
0
0
0
0
0
0
0
0
0
0
0
0
0
0
0
0
0
0
0
0
0
0
0
0
0
0
0
0
0
0
0
0
0
0
0
0
0
0
0
0
0
0
0
0
0
0
0
0
0
0
0
0
0
0
0
0
0
0
0
0
0
0
0
0
0
0
0
0
0
0
0
0
0
0
0
0
0
0
0
0
0
0
0
0
0
0
0
0
0
0
0
0
0
0
0
0
0
0
0
0
0
0
0
0
0
0
0
0
0
0
0
0
0
0
0
0
0
0
0
0
0
0
0
0
0
0
0
0
0
0
0
0
0
0
0
0
0
0
0
0
0
0
0
0
0
0
0
0
0
0
0
0
0
0
0
0
0
0
0
0
0
0
0
0
0
0
0
0
0
0
0
0
0
0
0
0
0
0
0
0
0
0
0
0
0
0
0
0
0
0
0
0
0
0
0
0
0
0
0
0
0
0
0
0
0
0
0
0
0
0
0
0
0
0
0
0
0
0
0
0
0
0
0
0
0
0
0
0
0
0
0
0
0
0
0
0
0
0
0
0
0
0
0
0
0
0
0
0
0
0
0
0
0
0
0
0
0
0
0
0
0
0
0
0
0
0
0
0
0
0
0
0
0
0
0
0
0
0
0
0
0
0
0
0
0
0
0
0
0
0
0
0
0
0
0
0
0
0
0
0
0
0
0
0
0
0
0
0
0
0
0
0
0
0
0
0
0
0
0
0
0
0
0
0
0
0
0
0
0
0
0
0
0
0
0
0
0
0
0
0
0
0
0
0
0
0
0
0
0
0
0
0
0
0
0
0
0
0
0
0
0
0
0
0
0
0
0
0
0
0
0
0
0
0
0
0
0
0
0
0
0
0
0
0
0
0
0
0
0
0
0
0
0
0
0
0
0
0
0
0
0
0
0
0
0
0
0
0
0
0
0
0
0
0
0
0
0
0
0
0
0
0
0
0
0
0
0
0
0
0
0
0
0
0
0
0
0
0
0
0
0
0
0
0
0
0
0
0
0
0
0
0
0
0
0
0
0
0
0
0
0
0
0
0
0
0
0
0
0
0
0
0
0
0
0
0
0
0
0
0
0
0
0
0
0
0
0
0
0
0
0
0
0
0
0
0
0
0
0
0
0
0
